030796
030797
030800
030801
030802
030803
030804
030805
030807
030808
030809
030810
030811
030812
030813
030815
030816
030818
030821
030822
030823
030824
030826
030827
030829
030830
030833
030834
030835
030836
030838
030839
030840
030841
030842
030843
030844
030847
030848
030855
030856
030857
030858
030859
030888
030889
030890
030891
030893
030895
030896
030898
030899
030900
030902
030903
030920
030923
030924
030926
030927
030928
030929
030930
030947
030951
030952
030953
030954
030955
030956
030957
030958
030959
030961
030962
030963
030964
030965
030966
030980
030981
030982
030992
030993
030994
030995
030996
030998
030999
031000
031001
031002
031003
031004
031005
031018
031023
031029
031031
031032
031034
031036
031046
031049
031050
031051
031052
031053
031054
031055
031056
031057
