030274
030276
030277
030279
030280
030281
030282
030283
030284
030285
030286
030298
030299
030300
030320
030321
030322
030323
030324
030326
030327
030329
030330
030331
030332
030343
030344
030345
030346
030347
030348
030349
030350
030351
030352
030355
030361
030380
030381
030383
030384
030385
030386
030387
030388
030389
030390
030401
030402
030403
030404
030405
030406
030407
030408
030409
030410
030411
030420
030421
030422
030424
030428
030429
030431
030432
030433
030434
030436
030437
030441
030442
030446
030447
030448
030449
030450
030451
030452
030453
030454
030455
030459
030460
030461
030462
030463
030464
030465
030466
030467
030468
030469
030470
030471
030473
030474
030477
030480
030481
030482
030484
030485
030486
030487
030488
030489
030490
030493
030494
030495
030496
030497
030499
030567
030568
030570
030571
030575
030577
030578
030579
030580
030581
030582
030586
030587
030589
030590
030591
030592
030593
030595
030596
030597
030598
030600
030602
030607
030608
030610
030611
030612
030614
030616
030618
030620
030621
030622
030623
030624
030625
030626
030627
030629
030630
030632
030633
030634
030635
030636
030637
030638
030639
030641
030642
030643
030648
030649
030650
030651
030652
030653
030654
030655
030656
030657
030658
030659
030660
030666
030667
030668
030672
030673
030674
030675
030676
030677
030678
030679
030680
030682
030684
030686
030687
030688
030690
030693
030694
030695
030696
030697
030698
030699
030701
030730
030731
030732
030733
030734
030735
030736
030737
030738
030739
030740
030741
030742
030743
030744
030745
030749
030754
030769
030770
030778
030779
030780
030783
030784
030785
030787
030788
